8
532
546
240
881
670
403
685
409
407
714
423
737
332
887
815
728
270
616
265
866
525
84
525
194
745
6
370
251
394
339
259
278
237
851
159
259
255
197
668
14
263
444
751
947
331
918
676
953
534
293
171
411
729
696
606
474
54
976
77
448
667
337
79
904
188
590
516
443
787
184
457
403
628
560
350
311
479
378
616
365
23
787
777
753
835
735
579
889
63
657
690
730
994
121
986
534
711
502
978
499
39
787
254
19
700
604
683
531
983
299
248
6
439
377
111
626
112
691
868
175
700
910
905
46
31
244
580
742
746
910
593
137
50
847
157
750
804
840
633
139
491
881
145
282
259
609
909
371
652
129
547
352
39
804
750
422
48
330
164
147
593
110
284
643
957
793
745
761
985
378
900
477
259
398
111
518
359
20
242
11
501
789
715
540
593
817
962
994
147
479
141
92
589
425
735
546
571
480
660
556
858
912
385
470
662
497
340
373
869
582
736
371
371
451
263
317
620
226
311
120
57
452
212
646
229
948
544
152
780
556
709
991
821
446
461
483
943
801
209
165
384
945
536
107
749
799
424
369
377
735
489
434
539
702
80
121
2
977
273
782
533
334
773
354
781
586
190
76
388
399
241
124
696
777
231
445
577
656
815
306
743
656
741
635
710
173
108
712
502
381
847
36
68
620
742
849
559
284
925
947
683
167
423
732
296
654
177
873
662
344
532
758
353
625
745
63
798
853
776
301
586
623
689
654
595
431
503
154
716
781
453
751
300
876
835
596
531
13
822
545
709
354
655
62
979
400
126
129
253
254
782
192
229
471
846
824
255
702
979
323
483
784
74
135
661
910
731
544
275
553
441
984
907
97
399
886
497
525
368
103
131
150
295
360
622
141
184
877
195
515
552
30
300
626
165
313
888
897
857
515
450
298
852
358
747
251
596
245
128
316
348
611
467
643
971
441
136
507
670
332
375
222
362
675
200
528
340
441
425
549
956
875
199
160
585
947
763
534
192
243
850
892
854
669
535
825
110
23
685
780
355
60
2
718
87
203
246
427
644
23
328
952
898
527
113
836
474
876
722
18
472
924
910
326
594
797
504
56
821
189
837
528
601
191
246
688
394
844
467
390
867
795
695
118
322
808
954
149
36
