565
480
590
318
528
722
257
405
632
232
806
419
121
527
984
185
911
821
570
548
549
84
788
978
539
905
911
38
1
121
528
566
953
119
884
481
193
494
239
177
78
45
596
199
925
581
736
836
754
306
737
304
743
877
282
282
783
545
672
784
19
201
703
972
672
587
806
217
81
45
395
511
442
343
710
719
276
799
556
31
105
645
335
848
522
969
483
305
867
507
442
886
708
145
858
732
84
664
302
518
61
49
29
856
392
92
575
21
891
483
52
348
128
739
197
651
708
32
956
575
539
750
813
600
247
672
684
332
688
338
850
102
387
879
958
132
323
885
153
214
369
205
563
497
944
112
500
4
496
809
932
387
559
745
987
807
769
24
139
458
362
341
912
750
572
870
234
896
107
387
462
476
944
25
326
240
489
826
244
985
987
176
373
547
274
712
706
43
736
197
853
451
538
765
553
462
987
787
710
95
174
173
923
118
550
601
710
40
780
954
377
767
483
750
314
109
815
20
152
903
569
6
354
459
123
907
922
111
694
632
558
220
157
481
690
708
83
400
100
863
707
477
630
542
580
297
651
747
669
803
650
239
161
357
698
637
264
972
748
311
957
306
883
114
139
574
174
574
326
274
437
33
104
420
575
36
69
226
783
738
382
433
329
543
142
28
532
407
352
280
70
309
938
953
424
78
879
950
652
206
225
442
239
681
214
815
717
283
393
500
21
775
285
351
671
428
731
203
187
83
836
609
745
774
562
521
204
442
471
209
648
696
3
887
729
217
54
446
500
448
298
873
575
584
576
246
364
659
802
903
95
638
512
840
412
426
361
969
868
184
178
868
233
533
108
962
750
162
409
602
962
59
827
890
995
404
136
359
415
938
614
510
576
126
702
341
553
415
662
773
600
192
642
833
725
102
147
475
616
908
429
579
968
256
469
963
12
957
675
428
248
289
290
176
768
993
517
673
760
531
446
712
723
440
897
448
542
45
275
511
953
704
442
273
313
911
237
325
220
264
753
468
553
396
645
673
389
514
346
501
46
145
214
769
937
111
570
832
156
845
343
462
550
785
735
215
48
324
540
620
588
646
89
494
42
86
167
431
952
866
284
998
363
498
120
652
610
690
836
118
887
531
932
789
316
668
4
716
992
545
474
363
16
874
154
187
300
824
637
120
844
758
961
503
463
647
165
96
853
346
743
859
49
686
794
722
94
873
359
659
568
186
374
584
60
881
123
712
705
761
833
901
519
794
756
334
793
273
782
647
971
525
858
21
563
4
95
9
877
807
669
445
345
395
382
757
276
857
470
333
970
655
234
841
801
342
175
594
616
957
593
587
834
451
960
397
808
408
759
685
215
780
483
560
175
217
669
452
74
139
785
397
146
372
238
947
714
414
894
682
371
839
622
558
643
934
955
451
342
66
488
909
846
323
821
22
540
491
826
967
982
611
364
129
335
602
428
402
368
674
84
92
514
58
650
509
993
957
312
687
24
800
597
870
124
418
244
16
909
70
983
892
34
699
373
369
654
801
771
374
476
208
466
342
618
116
851
611
426
163
651
450
315
248
672
791
666
917
808
928
987
143
172
21
195
545
391
849
698
514
575
526
722
42
220
693
510
423
656
936
586
307
738
254
555
411
45
574
328
853
854
315
349
378
689
544
923
432
745
973
946
320
852
21
362
72
714
225
496
370
161
434
678
252
688
585
663
734
511
343
939
365
10
640
743
699
184
18
131
929
344
78
250
196
451
964
268
165
189
764
535
703
199
565
955
239
151
970
973
662
313
265
380
675
905
475
375
442
494
858
371
838
288
973
386
739
290
654
256
831
771
792
886
970
357
193
209
860
163
535
875
828
152
255
856
409
82
231
851
576
441
575
766
730
548
152
821
190
159
78
22
930
222
908
900
931
102
461
144
617
348
19
798
852
626
654
262
708
237
113
637
678
688
755
760
589
908
934
131
419
364
153
349
586
414
601
517
868
414
661
837
763
32
635
615
658
641
877
719
878
343
356
909
383
111
21
324
371
955
456
790
319
609
139
257
375
92
127
243
507
788
433
270
173
68
237
831
710
467
902
940
162
258
201
545
722
223
870
93
530
326
236
202
287
727
459
663
820
586
258
327
727
691
949
252
112
538
435
174
5
338
466
519
948
668
65
670
891
935
116
773
613
352
975
900
431
435
915
251
373
526
930
452
569
231
704
33
770
140
207
127
478
26
647
426
694
64
449
585
351
565
710
964
269
686
216
700
473
484
304
198
362
234
651
283
818
355
317
940
847
