176
592
681
128
730
342
727
46
782
680
573
226
158
644
70
263
186
599
607
399
974
662
325
318
190
884
467
17
286
414
617
814
7
650
294
737
993
21
783
775
701
708
353
211
704
775
826
891
375
785
642
701
447
967
19
637
203
838
7
841
253
976
7
260
626
301
349
619
674
485
747
727
193
452
291
898
228
117
141
955
903
783
8
350
102
379
340
305
217
699
499
822
675
506
82
301
808
784
273
834
269
372
562
814
176
205
712
756
322
205
63
577
988
71
280
90
450
972
748
20
23
247
842
698
753
277
351
913
61
976
100
682
348
14
496
525
219
209
281
541
766
697
471
755
768
103
197
571
427
945
591
450
544
785
148
650
62
851
563
475
828
15
157
528
29
654
405
248
215
39
142
981
736
613
88
504
68
286
75
495
231
18
945
128
804
445
778
218
296
341
694
124
357
203
5
738
857
410
987
424
449
129
406
185
742
846
690
162
132
117
657
716
488
954
844
644
399
622
862
695
315
908
172
24
464
177
763
673
587
750
98
37
879
856
574
973
702
616
135
835
734
144
903
574
98
747
218
497
721
432
544
36
693
716
413
157
245
176
830
185
278
280
574
157
136
148
482
191
765
969
378
851
113
281
425
211
380
995
60
101
779
956
137
472
673
902
981
270
78
164
455
356
444
29
865
933
178
699
124
295
668
854
146
781
135
923
344
515
918
756
616
697
713
105
522
738
8
503
8
438
667
816
147
112
197
364
397
727
64
873
22
732
727
168
866
862
91
562
729
361
671
697
59
384
154
581
474
162
436
834
953
104
650
452
568
848
816
965
575
232
190
950
317
917
118
183
779
562
97
860
923
768
557
334
504
711
267
978
226
704
813
531
160
815
983
80
15
799
397
943
32
587
893
349
504
363
884
635
925
333
495
201
454
404
887
310
115
155
289
693
211
454
224
723
621
207
803
637
359
552
932
743
139
177
444
995
540
328
630
818
13
477
19
467
881
906
778
348
413
419
42
976
225
266
51
198
826
206
187
185
758
119
928
249
296
372
244
837
52
226
7
65
55
26
885
288
284
15
637
50
786
31
378
363
649
430
561
475
636
749
660
747
868
940
996
517
664
241
706
716
819
713
134
875
739
371
163
375
386
152
