269
847
629
47
810
551
694
371
807
722
300
733
295
708
992
479
927
363
651
111
196
285
562
709
493
512
775
215
880
421
984
150
268
613
197
431
516
243
802
323
966
455
408
613
515
753
93
795
468
744
906
664
381
821
725
874
333
501
441
565
922
426
67
542
391
616
325
908
860
128
583
826
935
344
791
450
449
884
245
917
980
152
933
362
973
659
588
658
160
30
223
434
808
643
328
199
259
654
459
119
134
43
297
69
739
89
871
188
325
117
105
306
621
390
20
946
49
608
956
561
990
531
347
798
174
28
350
434
682
809
905
168
204
203
589
943
644
460
131
969
929
588
627
902
979
647
848
380
256
804
942
246
688
641
397
862
669
747
648
703
556
554
871
761
109
460
56
753
273
540
722
202
128
350
105
459
349
305
840
605
462
782
204
150
775
953
12
445
700
661
148
256
567
372
369
676
184
778
429
457
318
503
12
446
205
117
906
555
774
98
512
236
232
716
386
7
669
399
452
721
412
953
330
979
677
51
655
861
829
436
671
147
939
35
946
145
152
204
700
278
302
564
515
534
281
901
893
302
652
346
376
416
651
706
395
328
757
402
541
587
190
564
86
130
599
384
627
103
940
679
382
242
243
897
128
876
150
22
531
155
720
907
571
723
965
319
403
722
73
944
661
264
509
100
746
460
484
725
564
425
756
946
19
999
195
500
228
345
874
759
852
946
18
424
669
983
743
72
57
168
368
719
432
229
171
530
690
655
255
254
432
11
552
804
363
747
304
591
444
530
702
297
476
72
73
497
55
168
569
464
336
937
535
121
167
706
651
857
714
259
463
146
270
15
302
985
114
958
576
910
488
630
559
964
702
984
461
109
152
382
574
489
672
109
962
839
168
613
48
882
872
863
380
495
230
683
480
696
641
409
958
130
391
518
446
94
502
260
555
7
642
129
848
314
591
810
505
759
775
905
993
0
120
373
495
350
56
327
398
698
88
357
828
480
875
626
926
729
886
481
88
529
963
936
195
554
746
53
665
874
958
658
874
431
383
721
781
440
400
532
138
489
889
318
969
116
296
895
197
183
728
286
64
691
222
259
597
321
664
262
195
975
272
421
406
656
142
539
448
542
71
586
383
960
256
352
76
552
599
626
