160
403
230
792
245
783
852
121
608
7
448
493
507
840
495
515
485
343
326
159
240
627
592
218
336
930
510
199
528
76
226
40
480
808
832
77
944
36
198
552
396
647
45
255
839
893
770
676
588
448
835
828
76
779
47
412
61
557
611
589
985
189
981
465
350
166
543
294
554
93
846
950
92
244
557
283
489
679
959
429
128
794
258
204
925
657
616
986
566
579
927
551
768
909
369
470
75
264
764
981
357
963
284
802
559
841
85
400
521
45
829
649
191
439
853
117
448
821
103
14
400
383
918
520
292
287
991
719
551
107
700
260
422
336
62
981
178
148
733
699
545
563
700
736
354
905
205
803
726
661
817
126
44
87
646
336
726
989
407
629
97
459
890
871
796
304
853
974
804
938
25
349
501
77
438
856
982
643
659
60
304
828
186
348
268
184
36
994
526
443
624
623
903
866
494
51
170
699
377
327
638
754
676
491
831
114
699
165
110
710
225
414
891
763
763
159
947
151
505
473
595
129
448
850
347
295
253
518
346
630
845
336
384
873
180
567
340
879
732
450
942
309
216
833
72
979
344
371
483
849
197
78
331
997
280
678
292
533
548
991
163
745
327
899
619
859
466
311
91
550
761
33
859
329
218
283
309
562
654
144
763
851
222
94
849
854
773
493
387
673
484
902
419
164
153
390
23
619
701
466
521
814
499
732
143
717
15
804
631
669
300
395
521
522
489
722
728
614
215
115
288
52
369
59
216
522
449
591
493
502
58
14
668
909
746
163
627
761
320
258
783
620
5
656
495
495
378
223
109
945
691
749
997
412
808
565
935
609
157
780
463
567
147
131
476
893
647
455
7
967
66
790
939
71
446
786
918
176
10
380
121
53
129
119
465
290
684
752
899
193
533
363
112
680
846
589
925
493
396
284
812
814
426
104
238
224
890
156
400
252
536
874
305
18
993
123
660
29
875
911
575
760
626
687
792
473
628
70
318
25
354
483
839
133
939
429
357
829
586
110
82
474
984
739
844
977
862
504
358
90
768
933
202
394
621
995
219
249
417
890
626
123
373
818
256
312
247
966
493
833
76
575
660
60
315
504
389
529
361
747
619
129
33
822
523
6
169
743
607
938
985
234
61
358
52
670
22
651
636
515
