243
48
36
449
277
682
990
735
350
120
572
196
476
189
515
739
819
879
159
10
977
477
989
735
431
787
321
88
238
774
489
481
174
878
283
803
912
625
890
262
746
462
811
222
3
678
314
823
909
473
185
886
302
526
973
734
314
295
174
552
421
15
386
596
893
669
751
157
294
642
772
40
104
583
615
108
613
929
283
522
754
820
760
409
346
733
495
660
380
669
565
802
684
303
750
930
972
501
87
618
495
859
11
600
794
626
60
759
907
695
633
13
515
393
774
213
479
269
874
211
938
439
365
975
742
115
905
66
969
344
36
816
556
47
416
350
25
828
462
284
523
95
650
38
489
424
252
320
694
478
531
984
269
897
311
363
364
216
781
685
913
817
502
469
217
270
171
594
99
633
231
622
729
881
13
570
305
617
890
351
447
773
688
68
22
999
431
739
568
564
776
481
381
278
950
950
901
473
545
0
107
128
974
836
9
339
406
666
308
648
18
107
773
706
175
148
57
958
887
625
522
663
106
256
294
408
206
195
882
103
547
341
231
873
177
240
565
935
259
873
935
277
981
708
335
508
208
392
467
95
18
989
111
476
245
757
237
804
952
471
907
851
812
491
724
989
731
289
276
990
515
563
619
848
623
954
356
832
699
823
279
69
165
390
545
410
147
782
214
451
605
474
654
417
965
731
758
48
20
34
391
887
949
10
735
573
317
444
405
16
619
684
437
784
427
982
547
574
117
761
378
722
587
32
140
552
763
250
601
136
285
992
375
586
354
111
159
23
555
564
391
174
601
828
311
28
811
858
954
280
971
684
354
559
69
846
111
184
97
64
672
734
408
48
320
763
159
480
786
66
396
178
592
997
6
903
377
169
761
684
801
733
368
156
644
789
2
755
974
99
172
646
833
580
694
154
343
205
986
482
271
382
12
216
732
18
119
109
540
233
145
341
318
514
849
962
655
852
69
629
303
241
276
137
822
322
643
517
528
629
999
151
11
11
367
743
382
839
205
274
72
350
615
390
216
465
704
872
669
773
501
972
15
129
461
837
804
104
354
332
85
706
483
449
69
203
544
803
42
749
77
114
452
45
856
668
862
560
540
531
333
394
855
700
875
669
537
679
773
244
11
211
302
847
660
371
402
204
175
444
