851
599
574
820
419
171
237
495
277
834
745
615
13
263
702
157
31
248
370
337
713
944
42
381
692
758
142
536
877
315
337
728
266
263
548
686
434
137
533
63
972
278
30
985
893
732
494
925
332
865
614
46
809
8
779
853
766
921
389
643
588
78
723
855
341
623
893
127
113
426
542
85
56
572
422
301
305
917
226
637
782
192
35
943
201
166
149
967
439
538
963
28
969
38
235
310
14
128
790
127
906
684
564
962
257
986
615
914
903
842
903
37
386
291
333
939
457
482
259
897
372
574
277
341
612
864
4
626
344
794
105
250
478
669
564
87
656
179
353
911
373
257
301
112
900
634
51
709
468
310
606
840
884
235
182
849
99
186
475
443
332
933
45
162
602
961
602
610
141
955
522
866
564
175
978
816
161
30
526
629
340
484
821
577
720
355
426
171
893
253
967
577
186
12
740
789
974
694
751
467
649
625
333
566
800
664
382
313
694
908
294
386
393
116
963
465
823
389
988
717
995
955
294
181
320
386
322
646
80
74
113
82
699
798
0
852
814
382
165
508
643
460
247
388
928
562
205
751
304
193
468
299
149
115
480
821
501
803
467
934
229
932
368
928
82
368
780
897
102
946
757
745
758
4
485
686
919
690
789
223
884
258
522
385
725
354
206
578
509
673
512
738
957
880
667
39
600
799
936
703
97
694
800
207
50
286
893
969
976
683
192
212
293
66
597
18
421
803
596
930
828
461
669
785
341
688
825
294
839
113
997
937
159
797
144
210
83
390
531
412
425
76
624
718
494
574
88
915
729
36
198
910
497
219
695
191
907
872
485
746
338
482
35
497
631
532
59
67
922
943
479
347
19
455
417
865
381
505
781
111
541
979
21
39
198
68
582
457
293
67
555
631
901
591
480
532
475
892
599
397
835
430
96
206
238
513
71
619
18
204
82
911
535
455
950
85
876
532
542
169
951
450
152
852
393
984
737
868
876
336
265
711
119
361
269
357
874
341
328
244
897
411
155
433
218
458
518
94
342
413
263
294
863
767
498
256
752
235
124
628
924
741
692
43
454
961
752
328
654
432
924
552
195
79
985
414
889
855
508
232
268
124
878
131
891
376
739
995
964
863
976
888
956
668
931
410
981
35
90
988
